Forage: 3, 5, 5, 4, 5, 4, 4, 5, 4, 3, 2, 1, 1, 1, 2, 2, 2, 2
Forage: 4, 4, 5, 4, 5, 4, 6, 5, 4, 6, 3, 2, 4, 2, 2, 2, 2, 3
Forage: 1, 1, 2, 0, 2, 2, 1, 4, 4, 2, 3, 2, 1, 3, 3, 3, 2, 1
Forage: 2, 3, 2, 2, 1, 2, 1, 1, 1, 2, 2, 1, 1, 1, 1, 1, 1, 1
Forage: 1, 1, 2, 2, 2, 1, 2, 1, 3, 2, 0, 2, 2, 2, 3, 2, 0, 3
Forage: 3, 4, 3, 3, 3, 3, 2, 3, 3, 3, 5, 4, 4, 4, 4, 3, 2, 4
Forage: 5, 5, 4, 4, 2, 0, 2, 2, 2, 2, 3, 2, 3, 3, 3, 1, 2, 1
Forage: 3, 3, 2, 2, 2, 1, 1, 1, 1, 1, 3, 3, 1, 2, 1, 1, 1, 0
Forage: 1, 2, 2, 2, 3, 3, 3, 2, 3, 2, 3, 2, 2, 3, 3, 3, 3, 2
Forage: 1, 1, 2, 2, 2, 2, 3, 3, 1, 1, 1, 1, 2, 1, 1, 2, 2, 3
Forage: 2, 2, 3, 2, 1, 0, 1, 0, 1, 2, 1, 1, 2, 2, 1, 2, 3, 2
Forage: 0, 1, 3, 2, 3, 3, 2, 2, 3, 3, 3, 3, 1, 0, 2, 2, 2, 2
Forage: 0, 0, 2, 1, 1, 1, 0, 1, 2, 2, 3, 3, 3, 2, 3, 1, 1, 0
Forage: 2, 0, 3, 4, 4, 2, 2, 0, 2, 2, 3, 3, 3, 3, 1, 3, 2, 3
Forage: 1, 1, 0, 1, 3, 3, 5, 4, 4, 6, 4, 3, 4, 4, 2, 3, 1, 2
Forage: 3, 3, 5, 5, 3, 5, 4, 5, 4, 3
Forage: 1, 2, 2, 3, 4, 4, 2, 2, 3, 1
Forage: 0
